1 99
2 227
3 203
4 216
5 95
6 103
7 138
8 112
9 197
10 122
11 94
12 92
13 115
14 100
15 104
16 100
17 139
18 139
19 132
20 96
21 186
22 127
23 117
24 249
25 188
26 184
27 127
28 97
29 122
30 123
31 239
32 124
33 107
34 117
35 178
36 96
37 99
38 234
39 122
40 106
41 100
42 174
43 190
44 142
45 112
46 157
47 251
48 119
49 124
50 130
51 146
52 99
53 95
54 265
55 156
56 168
57 97
58 132
59 138
60 151
61 126
62 98
63 188
64 95
65 111
66 156
67 279
68 120
69 98
70 101
71 156
72 115
73 158
74 136
75 226
76 95
77 143
78 112
79 132
80 85
81 152
82 105
83 93
84 97
85 162
86 123
87 278
88 187
89 85
90 121
91 142
92 96
93 155
94 130
95 151
96 142
97 106
98 136
99 215
100 88
101 172
102 151
103 121
104 81
105 140
106 103
107 147
108 179
109 227
110 94
111 98
112 105
113 136
114 141
115 142
116 155
117 130
118 117
119 241
120 180
121 414
122 97
123 297
124 128
125 215
126 95
127 101
128 174
129 93
130 234
131 123
132 109
133 191
134 138
135 150
136 166
137 95
138 97
139 133
140 375
141 146
142 102
143 158
144 190
145 101
146 108
147 174
148 104
149 112
150 196
151 104
152 383
153 142
154 97
155 105
156 155
157 114
158 170
159 127
160 135
161 195
162 196
163 108
164 103
165 168
166 156
167 262
168 113
169 120
170 119
171 335
172 207
173 97
174 220
175 135
176 96
177 166
178 167
179 154
180 291
181 241
182 106
183 156
184 163
185 118
186 197
187 135
188 98
189 310
190 147
191 105
192 377
193 136
194 214
195 112
196 150
197 106
198 127
199 187
200 203
201 138
202 154
203 105
204 136
205 158
206 497
207 124
208 352
209 100
210 94
211 186
212 230
213 328
214 100
215 143
216 281
217 272
218 111
219 96
220 213
221 180
222 212
223 95
224 122
225 115
226 177
227 97
228 214
229 127
230 104
231 108
232 409
233 282
234 149
235 207
236 106
237 206
238 183
239 275
240 96
241 377
242 427
243 100
244 122
245 410
246 203
247 187
248 342
249 322
250 402
251 244
252 130
253 97
254 156
255 98
256 169
257 125
258 100
259 125
260 99
261 170
262 182
263 144
264 109
265 163
266 155
267 384
268 471
269 133
270 126
271 331
272 398
273 310
274 102
275 108
276 174
277 391
278 108
279 231
280 259
281 300
282 167
283 95
284 102
285 203
286 111
287 429
288 135
289 92
290 129
291 105
292 103
293 255
294 130
295 387
296 104
297 211
298 122
299 203
300 120
301 124
302 100
303 156
304 246
305 94
306 117
307 404
308 96
309 205
310 116
311 91
312 302
313 120
314 154
315 115
316 159
317 170
318 267
319 117
320 109
321 133
322 113
323 119
324 208
325 180
326 143
327 138
328 212
329 291
330 360
331 297
332 260
333 169
334 125
335 446
336 194
337 107
338 189
339 131
340 204
341 110
342 100
343 129
344 127
345 284
346 269
