346 238
347 286
348 145
349 178
350 294
351 208
352 255
353 96
354 213
355 163
356 170
357 103
358 111
359 206
360 189
361 149
362 134
363 92
364 112
365 101
366 142
367 113
368 122
369 119
370 144
371 138
372 113
373 277
374 137
375 160
376 121
377 108
378 169
379 199
380 93
381 341
382 129
383 125
384 194
385 147
386 135
387 136
388 144
389 122
390 286
391 96
392 128
393 400
394 107
395 131
396 97
397 198
398 125
399 223
400 123
401 147
402 142
403 202
404 161
405 317
406 401
407 108
408 186
409 152
410 360
411 119
412 96
413 135
414 348
415 191
416 163
417 126
418 92
419 173
420 193
421 242
422 213
423 129
424 162
425 161
426 303
427 221
428 104
429 154
430 99
431 236
432 179
433 147
434 110
435 137
436 93
437 102
438 192
439 94
440 156
441 98
442 274
443 236
444 151
445 96
446 224
447 146
448 182
449 113
450 154
451 147
452 468
453 288
454 114
455 193
456 228
457 120
458 165
459 232
460 548
461 184
462 231
463 232
464 100
465 139
466 248
467 122
468 285
469 122
470 350
471 521
472 201
473 162
474 121
475 162
476 98
477 160
478 121
479 104
480 150
481 191
482 136
483 269
484 160
485 178
486 119
487 254
488 108
489 101
490 107
491 379
492 103
493 107
494 139
495 161
496 148
497 109
498 242
499 304
500 168
501 97
502 117
503 112
504 168
505 496
506 168
507 103
508 137
509 102
510 162
511 410
512 141
513 447
514 188
515 115
516 96
517 102
518 177
519 98
520 308
521 190
522 135
523 154
524 184
525 243
526 151
527 108
528 216
529 250
530 94
531 359
532 256
533 135
534 106
535 110
536 96
537 165
538 116
539 259
540 182
541 244
542 104
543 114
544 149
545 125
546 159
547 275
548 99
549 175
550 243
551 99
552 173
553 101
554 103
555 421
556 163
557 157
558 156
559 158
560 128
561 395
562 140
563 203
564 146
565 108
566 173
567 148
568 132
569 112
570 92
571 175
572 331
573 311
574 172
575 224
576 139
577 136
578 103
579 105
580 90
581 131
582 265
583 171
584 169
585 148
586 94
587 232
588 106
589 325
590 146
591 94
592 123
593 150
594 104
595 303
596 98
597 184
598 122
599 107
600 161
601 167
602 122
603 465
604 99
605 93
606 106
607 151
608 102
609 189
610 119
611 100
612 170
613 130
614 102
615 161
616 96
617 135
618 96
619 98
620 151
621 202
622 101
623 304
624 111
625 99
626 121
627 201
628 201
629 100
630 158
631 126
632 182
633 98
634 138
635 134
636 236
637 102
638 109
639 155
640 147
641 99
642 205
643 180
644 225
645 195
646 244
647 180
648 191
649 112
650 115
651 206
652 185
653 254
654 143
655 200
656 203
657 142
658 112
659 210
660 134
661 289
662 237
663 132
664 181
665 106
666 185
667 93
668 188
669 156
670 108
671 272
672 296
673 249
674 129
675 196
676 120
677 143
678 335
679 174
680 181
681 132
682 153
683 142
684 350
685 110
686 428
687 130
688 364
689 119
690 174
691 95
692 163
693 394
694 96
695 101
696 138
697 164
698 219
699 99
700 94
701 498
702 230
703 193
704 399
705 108
706 153
707 183
708 156
709 325
710 111
711 130
712 94
713 121
714 110
715 245
716 127
717 149
718 108
719 229
720 100
721 241
722 167
723 195
724 143
725 175
726 152
727 296
728 141
729 118
730 159
731 136
732 124
733 210
734 294
735 97
736 220
737 180
738 169
739 109
740 148
741 151
742 132
743 280
744 213
745 177
746 228
747 112
748 93
749 105
750 174
751 125
752 326
753 123
754 235
755 95
756 108
757 173
758 147
759 131
760 100
761 203
762 0
