1 57
2 105
3 82
4 105
5 57
6 57
7 144
8 57
9 57
10 124
11 57
12 82
13 57
14 105
15 57
16 82
17 82
18 70
19 70
20 70
21 82
22 82
23 57
24 70
25 82
26 105
27 57
28 124
29 105
30 82
31 82
32 57
33 57
34 82
35 57
36 57
37 57
38 70
39 70
40 70
41 184
42 57
43 57
44 105
45 57
46 57
47 57
48 70
49 82
50 57
51 70
52 70
53 82
54 70
55 70
56 70
57 144
58 302
59 124
60 124
61 144
62 302
63 164
64 144
65 124
66 124
67 124
68 124
69 124
70 124
71 184
72 164
73 0
